     294        0     2352        4        1        0        8        0        0       12        4        0        0        0        0        0        0
     294        0     2352        4   141558        0  1132464   170748       18     9552   170752        0        0        0        0        0        0
     294        0     2352        4   302443        0  2419544   367380       17    20528   367384        0        0        0        0        0        0
     294        0     2352        4   451795        0  3614360   548776       18    30644   548780        0        0        0        0        0        0
    4450        0    35600     5152   545373        0  4362984   663624        1    39376   668776        0        0        0        0        0        0
   13538        0   108304    13312   545373        0  4362984   663624        1    47724   676936        0        0        0        0        0        0
   17202        0   137616    16592   545373        0  4362984   663624        0    51040   680216        0        0        0        0        0        0
   17202        0   137616    16592   545373        0  4362984   663624        0    51040   680216        0        0        0        0        0        0
   17202        0   137616    16592   545373        0  4362984   663624        0    51040   680216        0        0        0        0        0        0
   17202        0   137616    16592   601237        0  4809896   730740       16    55264   747332        0        0        0        0        0        0
   17202        0   137616    16592   684488        0  5475904   831608       16    61608   848200        0        0        0        0        0        0
   17202        0   137616    16592   765322        0  6122576   929960       16    67780   946552        0        0        0        0        0        0
   17202        0   137616    16592   864152        0  6913216  1050252       16    75336  1066844        0        0        0        0        0        0
   17202        0   137616    16592   972042        0  7776336  1181664       16    83588  1198256        0        0        0        0        0        0
   17202        0   137616    16592  1051144        0  8409152  1277548       16    89608  1294140        0        0        0        0        0        0
   17202        0   137616    16592  1121833        0  8974664  1363180       16    94988  1379772        0        0        0        0        0        0
   17202        0   137616    16592  1197433        0  9579464  1454252       16   100708  1470844        0        0        0        0        0        0
   17202        0   137616    16592  1312644        0 10501152  1593232       16   109432  1609824        0        0        0        0        0        0
   17202        0   137616    16592  1431416        0 11451328  1737432       16   118488  1754024        0        0        0        0        0        0
   17204        0   137632    16592  1542407        0 12339256  1872424       15   126972  1889016        0        0        0        0        0        0
   23202        0   185616    21988  1548219        0 12385752  1879536        1   132904  1901524        0        0        0        0        0        0
   27765        0   222120    26060  1548219        0 12385752  1879536        0   137152  1905596        0        0        0        0        0        0
   27765        0   222120    26060  1548219        0 12385752  1879536        0   137152  1905596        0        0        0        0        0        0
   27765        0   222120    26060  1566178        0 12529424  1899512        0   142532  1925572        0        0        0        0        0        0
   27765        0   222120    26060  1568228        0 12545824  1901676        0   143984  1927736        0        0        0        0        0        0
   27765        0   222120    26060  1573306        0 12586448  1907088        0   146016  1933148        0        0        0        0        0        0
   27765        0   222120    26060  1575290        0 12602320  1909248        0   147560  1935308        0        0        0        0        0        0
   27765        0   222120    26060  1576046        0 12608368  1910052        0   148164  1936112        0        0        0        0        0        0
   27765        0   222120    26060  1589544        0 12716352  1924756        3   153068  1950816        0        0        0        0        0        0
   34036        0   272288    31676  1589966        0 12719728  1925232        1   158984  1956908        0        0        0        0        0        0
   53671        0   429368    49992  1708488        0 13667904  2027300        1   182376  2077292        0        0        0        0        0        0
   57043        0   456344    53104  3522578        0 28180624  2079876        1   189152  2132980        0        0        0        0        0        0
   73269        0   586152    67608  3522578        0 28180624  2079876        1   203936  2147484        0        0        0        0        0        0
   75177        0   601416    69316  3522578        0 28180624  2079876        0   205656  2149192        0        0        0        0        0        0

     294        0     2352        0        1        0        8        0        0       12        0        0        0        0        0        0        0
 1163271        0  9306168     3072  2091341        0 16730728    14152        4     4560    17224        0        0        0        0        0        0
 1494963        0 11959704     3984  2523172        0 20185376    17308        2     5700    21292        0        0        0        0        0        0
 1624322        0 12994576     4336  3043783        0 24350264    21284        1     9504    25620        0        0        0        0        0        0
 1901788        0 15214304     5272  3996219        0 31969752    28364        0    15384    33636        0        0        0        0        0        0
 2096092        0 16768736     5792  4190511        0 33524088    29944        0    18996    35736        0        0        0        0        0        0
 2363163        0 18905304     6636  4457349        0 35658792    31936        0    26432    38572        0        0        0        0        0        0
 2598089        0 20784712     7396  4692218        0 37537744    33964        0    37088    41360        0        0        0        0        0        0
 2789892        0 22319136     7932  4884533        0 39076264    35600        0    45152    43532        0        0        0        0        0        0
 3199677        0 25597416     9264  5294313        0 42354504    38916        0    65116    48180        0        0        0        0        0        0
 3710390        0 29683120    10620  6591466        0 52731728    47660        6    79340    58280        0        0        0        0        0        0
 4912702        0 39301616    13848  8498728        0 67989824    62216        3    86072    76064        0        0        0        0        0        0
 5105706        0 40845648    14380  9192222        0 73537776    67584        0    91612    81964        0        0        0        0        0        0
 5298427        0 42387416    14892  9385351        0 75082808    69168        0   100068    84060        0        0        0        0        0        0
 5475570        0 43804560    15432  9562218        0 76497744    70312        1   108400    85744        0        0        0        0        0        0
 5608743        0 44869944    15832  9695242        0 77561936    71488        1   112380    87320        0        0        0        0        0        0
 5699767        0 45598136    16084  9785861        0 78286888    72132        3   116108    88216        0        0        0        0        0        0
 6031876        0 48255008    17040 10118428        0 80947424    74940        0   129944    91980        0        0        0        0        0        0
 6292384        0 50339072    17828 10378873        0 83030984    77112        0   141748    94940        0        0        0        0        0        0
 8217852        0 65742816    21608 12567899        0 100543192    87748        1   154028   109356        0        0        0        0        0        0
 8925291        0 71402328    22928 13763173        0 110105384    94356        5   158280   117284        0        0        0        0        0        0
10614810        0 84918480    26260 15728419        0 125827352   105300        6   161540   131560        0        0        0        0        0        0
11147145        0 89177160    27308 16302090        0 130416720   108196        2   162468   135504        0        0        0        0        0        0
17057628        0 136461024    39680 22431685        0 179453480   142652        4   172124   182332        0        0        0        0        0        0
22269571        0 178156568    50584 27793561        0 222348488   171856        4   180224   222440        0        0        0        0        0        0
32301299        0 258410392    70900 37877522        0 303020176   226204        3   196252   297104        0        0        0        0        0        0
64209595        0 513676760   135324 69781234        0 558249872   398120        4   263944   533444        0        0        0        0        0        0
88194533        0 705556264   190380 93760876        0 750087008   559924        5   326472   750304        0        0        0        0        0        0
379696955        0 3037575640   851312 385134657        0 3081077256  2582220        6   980484  3433532        0        0        0        0        0        0
390002965        0 3120023720   875816 395211024        0 3161688192  2646676        0  1025328  3522492        0        0        0        0        0        0
390036669        0 3120293352   875904 395211024        0 3161688192  2646676        0  1025836  3522580        0        0        0        0        0        0
390036669        0 3120293352   875904 395228709        0 3161829672  2646820        0  1027212  3522724        0        0        0        0        0        0
390036669        0 3120293352   875904 395230396        0 3161843168  2646844        0  1027468  3522748        0        0        0        0        0        0
390036669        0 3120293352   875904 395236077        0 3161888616  2646904        0  1027896  3522808        0        0        0        0        0        0
396051135        0 3168409080   878716 403107999        0 3224863992  2656296        5  1037060  3535012        0        0        0        0        0        0
493981999        0 3951855992  1068008 501034062        0 4008272496  2997976        9  1185124  4065984        0        0        0        0        0        0
1709197313        0 13673578504  3987612 1717491961        0 13739935688  9577144        0  3129064 13564756        0        0        0        0        0        0
1711271676        0 13690173408  3991772 1720073424        0 13760587392  9600272        2  3134816 13592044        0        0        0        0        0        0
1712361143        0 13698889144  3994500 1721038359        0 13768306872  9608244        0  3139752 13602744        0        0        0        0        0        0
1712399034        0 13699192272  3994572 1721038359        0 13768306872  9608244        0  3147972 13602816        0        0        0        0        0        0
1712543030        0 13700344240  3994960 1721038359        0 13768306872  9608244        0  3176976 13603204        0        0        0        0        0        0
